0.872416 0.488700 0.007949 0.322999 0.018405 -0.016595 -0.999693 -0.650319 -0.488418 0.872294 -0.023473 0.162275 0.000000 0.000000 0.000000 1.000000
0.767225 0.640305 0.037071 0.392747 0.325316 -0.338685 -0.882872 -0.567474 -0.552752 0.689421 -0.468149 0.468807 0.000000 0.000000 0.000000 1.000000
0.650461 0.758768 0.034229 0.355430 0.608749 -0.493846 -0.620920 -0.364209 -0.454230 0.424721 -0.783126 0.719601 0.000000 0.000000 0.000000 1.000000
0.507286 0.861381 0.026165 0.182300 0.812779 -0.468130 -0.346762 -0.190843 -0.286445 0.197174 -0.937588 0.905394 0.000000 0.000000 0.000000 1.000000
0.389005 0.920599 0.034229 0.449365 0.730069 -0.285409 -0.620920 -0.238908 -0.561849 0.266531 -0.783126 0.719602 0.000000 0.000000 0.000000 1.000000
0.239499 0.970189 0.037071 0.652457 0.462667 -0.080479 -0.882871 -0.224984 -0.853568 0.228598 -0.468149 0.468807 0.000000 0.000000 0.000000 1.000000
0.118806 0.992886 0.007949 0.715829 0.024252 0.005102 -0.999693 -0.121937 -0.992621 0.118962 -0.023473 0.162276 0.000000 0.000000 0.000000 1.000000
-0.073412 0.996612 0.037070 0.690068 0.464800 0.067077 -0.882871 -0.011401 -0.882367 -0.047583 -0.468149 0.468807 0.000000 0.000000 0.000000 1.000000
-0.229961 0.972598 0.034228 0.503692 0.757667 0.200995 -0.620920 0.072657 -0.610785 -0.116854 -0.783126 0.719602 0.000000 0.000000 0.000000 1.000000
-0.396394 0.917708 0.026164 0.261625 0.857422 0.380241 -0.346762 0.034617 -0.328175 -0.115020 -0.937588 0.905394 0.000000 0.000000 0.000000 1.000000
-0.520958 0.852896 0.034228 0.456131 0.657624 0.426602 -0.620920 0.225652 -0.544182 -0.300964 -0.783126 0.719601 0.000000 0.000000 0.000000 1.000000
-0.642338 0.765524 0.037070 0.566441 0.337821 0.326212 -0.882872 0.394242 -0.687952 -0.554579 -0.468149 0.468807 0.000000 0.000000 0.000000 1.000000
-0.737273 0.675548 0.007948 0.516509 0.010000 0.022675 -0.999693 0.510340 -0.675521 -0.736967 -0.023473 0.162275 0.000000 0.000000 0.000000 1.000000
-0.848521 0.527862 0.037070 0.415787 0.219650 0.415081 -0.882872 0.550830 -0.481421 -0.740993 -0.468149 0.468807 0.000000 0.000000 0.000000 1.000000
-0.921088 0.387846 0.034228 0.238350 0.284490 0.730427 -0.620920 0.449611 -0.265823 -0.562185 -0.783126 0.719601 0.000000 0.000000 0.000000 1.000000
-0.976631 0.213324 0.026164 0.124483 0.191281 0.918242 -0.346762 0.232682 -0.097998 -0.333654 -0.937588 0.905394 0.000000 0.000000 0.000000 1.000000
-0.995974 0.082850 0.034228 0.087066 0.043766 0.782651 -0.620920 0.501406 -0.078232 -0.616922 -0.783126 0.719601 0.000000 0.000000 0.000000 1.000000
-0.996579 -0.073868 0.037070 0.011121 -0.067289 0.464768 -0.882872 0.690063 0.047987 -0.882346 -0.468149 0.468807 0.000000 0.000000 0.000000 1.000000
-0.980686 -0.195426 0.007948 -0.106363 -0.012380 0.021468 -0.999693 0.718294 0.195196 -0.980483 -0.023473 0.162275 0.000000 0.000000 0.000000 1.000000
-0.927458 -0.372085 0.037070 -0.198290 -0.204826 0.422592 -0.882872 0.661057 0.312838 -0.826420 -0.468149 0.468807 0.000000 0.000000 0.000000 1.000000
-0.853676 -0.519678 0.034228 -0.224959 -0.425615 0.658263 -0.620920 0.456486 0.300148 -0.544633 -0.783126 0.719601 0.000000 0.000000 0.000000 1.000000
-0.749899 -0.661035 0.026164 -0.113908 -0.627011 0.697577 -0.346762 0.238066 0.210970 -0.276442 -0.937588 0.905394 0.000000 0.000000 0.000000 1.000000
-0.650666 -0.758592 0.034228 -0.355320 -0.608615 0.494010 -0.620921 0.364311 0.454116 -0.424844 -0.783126 0.719601 0.000000 0.000000 0.000000 1.000000
-0.530338 -0.846976 0.037070 -0.549582 -0.414437 0.220860 -0.882872 0.417378 0.739584 -0.483584 -0.468148 0.468807 0.000000 0.000000 0.000000 1.000000
-0.423485 -0.905868 0.007949 -0.641676 -0.024629 0.002742 -0.999693 0.339772 0.905568 -0.423550 -0.023472 0.162275 0.000000 0.000000 0.000000 1.000000
-0.241932 -0.969585 0.037070 -0.651826 -0.462463 0.081639 -0.882872 0.226641 0.852993 -0.230739 -0.468148 0.468807 0.000000 0.000000 0.000000 1.000000
-0.086769 -0.995640 0.034229 -0.501020 -0.782472 0.046846 -0.620921 0.089023 0.616610 -0.080660 -0.783126 0.719601 0.000000 0.000000 0.000000 1.000000
0.096340 -0.995005 0.026165 -0.259616 -0.932669 -0.099423 -0.346763 0.047159 0.347632 0.009004 -0.937588 0.905394 0.000000 0.000000 0.000000 1.000000
0.226314 -0.973453 0.034229 -0.503933 -0.758415 -0.198153 -0.620920 -0.070780 0.611219 0.114563 -0.783126 0.719601 0.000000 0.000000 0.000000 1.000000
0.369620 -0.928443 0.037071 -0.661546 -0.423134 -0.203704 -0.882872 -0.196555 0.827248 0.310641 -0.468149 0.468807 0.000000 0.000000 0.000000 1.000000
0.536468 -0.843883 0.007949 -0.631349 -0.015546 -0.019300 -0.999693 -0.358665 0.843777 0.536180 -0.023473 0.162275 0.000000 0.000000 0.000000 1.000000
0.682246 -0.730182 0.037070 -0.544607 -0.319945 -0.343763 -0.882872 -0.423916 0.657401 0.590475 -0.468149 0.468807 0.000000 0.000000 0.000000 1.000000
0.788933 -0.613526 0.034229 -0.346833 -0.464245 -0.631613 -0.620920 -0.372418 0.402570 0.473974 -0.783126 0.719601 0.000000 0.000000 0.000000 1.000000
0.887839 -0.459409 0.026165 -0.180579 -0.422970 -0.837169 -0.346762 -0.192462 0.181210 0.296802 -0.937588 0.905394 0.000000 0.000000 0.000000 1.000000
0.940674 -0.337582 0.034229 -0.213741 -0.244663 -0.744714 -0.620920 -0.461888 0.235102 0.575709 -0.783126 0.719601 0.000000 0.000000 0.000000 1.000000
0.981826 -0.186125 0.037071 -0.189006 -0.055076 -0.466374 -0.882872 -0.663794 0.181613 0.864785 -0.468149 0.468807 0.000000 0.000000 0.000000 1.000000
0.997766 -0.066328 0.007949 -0.084042 0.006372 -0.023949 -0.999693 -0.721254 0.066498 0.997510 -0.023473 0.162275 0.000000 0.000000 0.000000 1.000000
0.992316 0.118046 0.037071 0.019575 0.087861 -0.461322 -0.882872 -0.689885 -0.087118 0.879345 -0.468149 0.468807 0.000000 0.000000 0.000000 1.000000
0.959308 0.280281 0.034229 0.098805 0.240165 -0.746176 -0.620920 -0.499232 -0.148491 0.603874 -0.783126 0.719601 0.000000 0.000000 0.000000 1.000000
0.895663 0.443963 0.026165 0.048311 0.424672 -0.836307 -0.346762 -0.259458 -0.132068 0.321693 -0.937588 0.905394 0.000000 0.000000 0.000000 1.000000
